(-64, 4): 802
(-64, 12): 1044
(-64, 20): 803
(-64, 28): 1045
(-64, 36): 804
(-64, 44): 1046
(-64, 52): 805
(-64, 60): 1047
(-64, 68): 1048
(-64, 76): 806
(-64, 84): 807
(-64, 92): 1049
(-64, 100): 808
(-64, 108): 1050
(-64, 116): 1051
(-64, 124): 1052
(-64, 132): 809
(-64, 140): 1053
(-60, 128): 816
(-60, 120): 815
(-60, 104): 1056
(-60, 96): 814
(-60, 88): 813
(-60, 80): 1055
(-60, 72): 1054
(-60, 64): 812
(-60, 48): 811
(-60, 40): 810
(-56, 4): 1057
(-56, 12): 817
(-56, 20): 818
(-56, 28): 819
(-56, 36): 1058
(-56, 44): 1059
(-56, 52): 820
(-56, 60): 1060
(-56, 68): 821
(-56, 76): 822
(-56, 84): 1061
(-56, 92): 1062
(-56, 100): 823
(-56, 108): 1063
(-56, 116): 1064
(-56, 124): 1065
(-56, 132): 1066
(-56, 140): 824
(-52, 128): 1070
(-52, 120): 1069
(-52, 112): 829
(-52, 104): 828
(-52, 96): 1068
(-52, 80): 827
(-52, 72): 1067
(-52, 64): 826
(-52, 32): 825
(-48, 4): 830
(-48, 12): 831
(-48, 20): 1071
(-48, 28): 1072
(-48, 36): 832
(-48, 44): 1073
(-48, 52): 1074
(-48, 60): 833
(-48, 68): 1075
(-48, 76): 1076
(-48, 84): 1077
(-48, 92): 834
(-48, 100): 835
(-48, 108): 836
(-48, 116): 837
(-48, 124): 838
(-48, 132): 839
(-48, 140): 1078
(-44, 128): 1087
(-44, 120): 1086
(-44, 112): 1085
(-44, 104): 1084
(-44, 96): 1083
(-44, 88): 1082
(-44, 72): 842
(-44, 64): 1081
(-44, 56): 1080
(-44, 48): 841
(-44, 24): 840
(-44, 16): 1079
(-40, 4): 1088
(-40, 12): 1089
(-40, 20): 843
(-40, 28): 1090
(-40, 36): 844
(-40, 44): 845
(-40, 52): 846
(-40, 60): 847
(-40, 68): 1091
(-40, 76): 848
(-40, 84): 1092
(-40, 92): 849
(-40, 100): 850
(-40, 108): 1093
(-40, 116): 851
(-40, 124): 1094
(-40, 132): 1095
(-40, 140): 852
(-36, 136): 857
(-36, 128): 856
(-36, 120): 1102
(-36, 112): 1101
(-36, 104): 1100
(-36, 96): 855
(-36, 88): 854
(-36, 80): 853
(-36, 72): 1099
(-36, 56): 1098
(-36, 48): 1097
(-36, 40): 1096
(-32, 4): 858
(-32, 12): 859
(-32, 20): 860
(-32, 28): 1103
(-32, 36): 861
(-32, 44): 1104
(-32, 52): 1105
(-32, 60): 862
(-32, 68): 1106
(-32, 76): 1107
(-32, 84): 1108
(-32, 92): 1109
(-32, 100): 1110
(-32, 108): 863
(-32, 116): 864
(-32, 124): 865
(-32, 132): 1111
(-32, 140): 866
(-28, 128): 1118
(-28, 120): 1117
(-28, 112): 873
(-28, 104): 872
(-28, 96): 871
(-28, 88): 870
(-28, 80): 869
(-28, 64): 1116
(-28, 56): 868
(-28, 48): 867
(-28, 40): 1115
(-28, 32): 1114
(-28, 24): 1113
(-28, 8): 1112
(-24, 4): 1119
(-24, 12): 1120
(-24, 20): 1121
(-24, 28): 874
(-24, 36): 875
(-24, 44): 1122
(-24, 52): 876
(-24, 60): 877
(-24, 68): 1123
(-24, 76): 878
(-24, 84): 879
(-24, 92): 1124
(-24, 100): 880
(-24, 108): 1125
(-24, 116): 1126
(-24, 124): 1127
(-24, 132): 881
(-24, 140): 1128
(-20, 136): 889
(-20, 128): 888
(-20, 120): 887
(-20, 112): 886
(-20, 104): 1132
(-20, 96): 885
(-20, 88): 884
(-20, 80): 1131
(-20, 72): 883
(-20, 64): 1130
(-20, 56): 882
(-20, 48): 1129
(-16, 4): 890
(-16, 12): 891
(-16, 20): 1133
(-16, 28): 1134
(-16, 36): 892
(-16, 44): 893
(-16, 52): 1135
(-16, 60): 1136
(-16, 68): 894
(-16, 76): 1137
(-16, 84): 1138
(-16, 92): 1139
(-16, 100): 895
(-16, 108): 1140
(-16, 116): 896
(-16, 124): 897
(-16, 132): 898
(-16, 140): 1141
(-12, 136): 1147
(-12, 128): 1146
(-12, 120): 1145
(-12, 112): 905
(-12, 104): 904
(-12, 96): 1144
(-12, 88): 903
(-12, 80): 1143
(-12, 72): 902
(-12, 64): 901
(-12, 56): 900
(-12, 48): 899
(-12, 40): 1142
(-8, 4): 1148
(-8, 12): 1149
(-8, 20): 906
(-8, 28): 1150
(-8, 36): 1151
(-8, 44): 1152
(-8, 52): 907
(-8, 60): 1153
(-8, 68): 1154
(-8, 76): 908
(-8, 84): 1155
(-8, 92): 1156
(-8, 100): 1157
(-8, 108): 909
(-8, 116): 1158
(-8, 124): 910
(-8, 132): 911
(-8, 140): 912
(-4, 136): 1166
(-4, 128): 1165
(-4, 120): 1164
(-4, 112): 1163
(-4, 104): 1162
(-4, 96): 917
(-4, 88): 916
(-4, 80): 1161
(-4, 72): 1160
(-4, 64): 915
(-4, 56): 1159
(-4, 48): 914
(-4, 40): 913
(0, 4): 1167
(0, 12): 918
(0, 20): 1168
(0, 28): 919
(0, 36): 920
(0, 44): 1169
(0, 52): 1170
(0, 60): 921
(0, 68): 1171
(0, 76): 1172
(0, 84): 922
(0, 92): 1173
(0, 100): 1174
(0, 108): 923
(0, 116): 924
(0, 124): 1175
(0, 132): 925
(0, 140): 1176
(4, 136): 1184
(4, 128): 931
(4, 120): 1183
(4, 112): 930
(4, 104): 929
(4, 96): 928
(4, 88): 1182
(4, 80): 927
(4, 72): 1181
(4, 64): 1180
(4, 56): 926
(4, 48): 1179
(4, 40): 1178
(4, 32): 1177
(8, 4): 932
(8, 12): 1185
(8, 20): 933
(8, 28): 1186
(8, 36): 1187
(8, 44): 934
(8, 52): 1188
(8, 60): 1189
(8, 68): 935
(8, 76): 1190
(8, 84): 1191
(8, 92): 936
(8, 100): 1192
(8, 108): 1193
(8, 116): 1194
(8, 124): 1195
(8, 132): 1196
(8, 140): 937
(12, 128): 1201
(12, 120): 944
(12, 112): 1200
(12, 104): 943
(12, 96): 1199
(12, 88): 1198
(12, 80): 942
(12, 72): 941
(12, 64): 1197
(12, 56): 940
(12, 48): 939
(12, 40): 938
(16, 4): 945
(16, 12): 946
(16, 20): 1202
(16, 28): 947
(16, 36): 948
(16, 44): 1203
(16, 52): 1204
(16, 60): 949
(16, 68): 950
(16, 76): 1205
(16, 84): 951
(16, 92): 952
(16, 100): 953
(16, 108): 954
(16, 116): 1206
(16, 124): 955
(16, 132): 1207
(16, 140): 956
(20, 136): 1217
(20, 128): 1216
(20, 120): 1215
(20, 112): 960
(20, 104): 1214
(20, 96): 1213
(20, 88): 1212
(20, 80): 1211
(20, 72): 1210
(20, 64): 959
(20, 56): 958
(20, 48): 957
(20, 40): 1209
(20, 32): 1208
(24, 4): 1218
(24, 12): 1219
(24, 20): 961
(24, 28): 1220
(24, 44): 1221
(24, 52): 1222
(24, 60): 1223
(24, 68): 1224
(24, 76): 962
(24, 84): 963
(24, 92): 1225
(24, 100): 964
(24, 108): 965
(24, 116): 1226
(24, 124): 1227
(24, 132): 966
(24, 140): 1228
(28, 136): 1235
(28, 128): 972
(28, 120): 1234
(28, 112): 1233
(28, 104): 1232
(28, 96): 1231
(28, 88): 1230
(28, 80): 1229
(28, 72): 971
(28, 56): 970
(28, 48): 969
(28, 40): 968
(28, 32): 967
(32, 4): 973
(32, 12): 1236
(32, 20): 1237
(32, 28): 1238
(32, 36): 1239
(32, 44): 974
(32, 52): 975
(32, 60): 1240
(32, 68): 976
(32, 76): 1241
(32, 84): 977
(32, 92): 978
(32, 100): 1242
(32, 108): 979
(32, 116): 980
(32, 124): 981
(32, 132): 982
(32, 140): 983
(36, 136): 993
(36, 128): 992
(36, 120): 991
(36, 112): 990
(36, 104): 1246
(36, 96): 989
(36, 88): 1245
(36, 80): 988
(36, 72): 987
(36, 64): 1244
(36, 48): 1243
(36, 40): 986
(36, 32): 985
(36, 24): 984
(40, 4): 1247
(40, 12): 1248
(40, 20): 994
(40, 28): 1249
(40, 36): 995
(40, 44): 1250
(40, 52): 996
(40, 60): 997
(40, 68): 1251
(40, 76): 1252
(40, 84): 998
(40, 92): 1253
(40, 100): 999
(40, 108): 1000
(40, 116): 1254
(40, 124): 1255
(40, 132): 1256
(40, 140): 1257
(44, 128): 1263
(44, 120): 1005
(44, 112): 1262
(44, 104): 1261
(44, 88): 1004
(44, 80): 1260
(44, 72): 1259
(44, 64): 1003
(44, 56): 1002
(44, 48): 1001
(44, 40): 1258
(48, 4): 1264
(48, 12): 1006
(48, 20): 1265
(48, 28): 1007
(48, 36): 1008
(48, 52): 1009
(48, 60): 1266
(48, 68): 1267
(48, 76): 1010
(48, 84): 1268
(48, 92): 1011
(48, 100): 1269
(48, 108): 1012
(48, 116): 1270
(48, 124): 1013
(48, 132): 1271
(48, 140): 1014
(52, 136): 1281
(52, 128): 1280
(52, 120): 1279
(52, 96): 1278
(52, 88): 1277
(52, 80): 1017
(52, 72): 1276
(52, 64): 1016
(52, 56): 1275
(52, 48): 1274
(52, 40): 1273
(52, 32): 1272
(52, 24): 1015
(56, 4): 1018
(56, 12): 1019
(56, 20): 1282
(56, 28): 1020
(56, 60): 1283
(56, 68): 1284
(56, 76): 1021
(56, 84): 1285
(56, 92): 1022
(56, 100): 1023
(56, 108): 1024
(56, 116): 1025
(56, 124): 1026
(56, 132): 1027
(56, 140): 1286
(60, 128): 1289
(60, 120): 1036
(60, 112): 1288
(60, 104): 1035
(60, 96): 1287
(60, 88): 1034
(60, 80): 1033
(60, 72): 1032
(60, 64): 1031
(60, 56): 1030
(60, 48): 1029
(60, 40): 1028
(64, 4): 1290
(64, 12): 1291
(64, 20): 1037
(64, 28): 1038
(64, 36): 1039
(64, 44): 1292
(64, 52): 1040
(64, 60): 1293
(64, 68): 1041
(64, 76): 1294
(64, 84): 1295
(64, 92): 1042
(64, 100): 1296
(64, 108): 1043
(64, 116): 1297
(64, 132): 1298
(64, 140): 1299
